SNVD01 KWBC 050200 RRU
BBXX
44034 05021 99441 70681 46/// /0309 10040 40001 90204 22200 00075
 10301 70007 333 91210 555 11098 22107=
44032 05021 99437 70694 46/30 /0409 10031 49985 90204 22200 00054
 10402 70011 333 91211 555 11102 22110=
44029 05021 99425 70706 46/20 /0309 10049 49965 90204 22200 00062
 10301 70006 333 91211 555 11102 22110=
44033 05021 99441 70690 46/30 /0407 10022 49996 90204 22200 00062
 10301 70005 333 91208 555 11078 22085=
44030 05021 99432 70704 46/30 /0311 1//// 49988 90204 22200 10502
 70012 333 91212 555 11119 22130=
46237 05021 99378 71226 46/// ///// 1//// 90230 22200 00125 11204
 20703 328// 41203 70021=
44058 05021 99376 70763 46/// /3408 1//// 40072 90230 22200 00084
 333 91209 555 11090 22098=
44022 05021 99409 70737 46/// /3305 10069 20058 90230 22200 00000
 333 91208 555 11062 22077=
44069 05021 99407 70731 46/// /0102 10079 20078 90215 22200 00045
 333 91205=
41108 05021 99337 70780 46/// ///// 1//// 90230 22200 00148 10704
 20704 318// 41001 70019=
46266 05021 99330 71173 46/// ///// 10149 90230 22200 00155 11302
 21001 327// 41301 70008=
51211 05021 99213 71580 46/// ///// 1//// 90200 22200 00257 10702
 20702 70009=
51207 05021 99215 71578 46/// ///// 1//// 90230 22200 00254 11306
 21005 335// 41303 70030=
51205 05021 99210 71564 46/// ///// 1//// 90230 22200 00257 11307
 20906 336// 41304 70035=
51211 05021 99213 71580 46/// ///// 1//// 90230 22200 00257 10602
 20602 70010=
46219 05021 99332 71199 46/// ///// 1//// 90230 22200 00144 11304
 21002 330// 41303 70020=
