SXVX45 KWNB 050200 RRX
MMXX 44098 05010 0300/ 74248 07010
00011 10080 20082 30077 50049 937//
11164 0007/ 1600/ 15/// 12504 15003 01/// 21015 27503 48/// 31105
31004
22225 37819 10000 30000 50000 70001 90409 11514 32733 53952 78095
90060 12718 31420 51928 75768 97247 13221 32514 51310 70907 90605
10707 30806 50504 70604 90403 10404 30404 50504 70305 90305 10303
30303
4444 10405 11946 20907 22471 30505 33460 46850 41562 51210 55363
63549 62648 71109 72040 81908 84855 92704 95521 03234 07136
13033 16243 23032 27172 32528 36334 43132 48777 53029 57950
63031 68350 73434 78975 83636 89073 93737 99387 03536 09281
13537 18160 23539 27025 33239 35833 42832 47134 52316 56323
61815 67035 71513 78375 81413 88779 91413 99184 01514 08773
11615 18568 21413 28576 31514 37965 41312 47657 51311 57144
61615 67352 71515 77353 81312 86837 91615 95915 01715 06947
11917 16422 21714 27151 31716 36824 41818 47648 52222 57139
62119 66721 71716 76822 81612 86347 91613 97244 01208 07140
11314 17142 21110 28157 31110 37955 41012 47856 51112 58155
60908 68258 71012 77027 80909 88254 91011 96821 00909 08048
10706 17739 20708 28148 31013 37019 40913 47331=
