SIVD30 KWBC 050300 RRA
BBXX
46047 05031 99324 71195 46/// /3106 10139 20122 30259 40263 90240
 22200 00158 333 91208 555 11065 22069 8//07 90236=
41025 05031 99350 70754 46/// /2616 10198 20133 30030 40034 90240
 22200 00231 333 91222 555 11173 22185 8//19 90238=
41013 05031 99334 70777 46/// /2715 10175 20109 30088 40092 90240
 22200 00186 333 91219 555 11166 22177 8//17 90234=
44065 05031 99404 70737 46/// /3307 10079 20058 39996 40000 90240
 333 91210 555 11081 22086 8//09 90234=
46011 05031 99350 71210 46/// /3309 10134 20110 30271 40275 90240
 22200 00143 333 91211 555 11099 22106 8//10 90238=
46006 05031 99408 71374 46/// /2712 1//// 30291 40295 90240 333
 91217 555 11136 22145 8//13 90233=
46014 05031 99392 71240 46/// /3310 10114 20093 30310 40314 90240
 22200 00119 333 91213 555 11105 22112 8//11 90239=
46012 05031 99374 71229 46/// /3409 10122 20087 30301 40305 90240
 22200 00133 333 91211 555 11097 22103 8//10 90234=
41044 05031 99216 70586 46/// /0806 10249 20181 30203 40207 90240
 333 91208 555 11067 22072 8//07 90231=
42036 05031 99285 70845 46/// /3213 10183 20085 30240 40244 90240
 333 91216 555 11140 22150 8//16 90234=
42039 05031 99288 70860 46/// /3412 1//// 30245 40249 90240 22200
 00223 333 91215 555 11134 22143 8//13 90239=
46025 05031 99338 71191 46/// /2804 10146 20143 30253 40257 90240
 22200 00157 333 91205 555 11045 22048 8//05 90239=
46013 05031 99382 71233 46/// /3211 1//// 30299 40303 90240 22200
 00124 333 91214 555 11119 22127 8//12 90231=
46050 05031 99447 71245 46/// /1906 10084 20045 30285 40289 90240
 22200 00106 333 91210 555 11070 22075 8//09 90230=
46027 05031 99419 71244 46/// /1402 10103 20068 30327 40331 90240
 22200 00114 333 91205 555 11024 22025 8//03 90232=
44008 05031 99405 70692 46/// /2804 10087 20083 39971 49975 90240
 333 91205 555 11047 22049 8//05 90237=
46028 05031 99358 71219 46/// /3310 10129 20106 30274 40278 90240
 22200 00139 333 91213 555 11113 22120 8//12 90238=
46053 05031 99343 71199 46/// /2902 10148 20140 30254 40258 90240
 22200 00149 333 91203 555 11026 22027 8//03 90233=
44066 05031 99396 70726 46/// /3405 10107 20094 39979 49983 90240
 22200 00108 333 91207 555 11058 22061 8//07 90239=
46026 05031 99378 71228 46/// /3208 10121 30301 40305 90240 22200
 00129 333 91210 555 11089 22095 8//10 90239=
42012 05031 99301 70876 46/// /3309 10145 20019 30264 40268 90240
 22200 00186 333 91212 555 11104 22110 8//12 90236=
42058 05031 99148 70745 46/// /0508 10273 20244 30176 40180 90240
 22200 00279 333 91209 555 11084 22089 8//08 90234=
42019 05031 99279 70953 46/// /2502 10183 20039 30290 40294 90240
 22200 00223 333 91203 555 11026 22027 8//03 90230=
42003 05031 99259 70856 46/// /3411 1//// 30242 40246 90240 22200
 00271 333 91215 555 11124 22132 8//12 90231=
41002 05031 99319 70749 46/// /2610 10223 20203 30094 40098 90240
 333 91213 555 11111 22119 8//12 90238=
44011 05031 99411 70666 46/// ///07 1//// 39970 49974 90240 22200
 00078 333 91208 555 11074 22079 8//07 90232=
42002 05031 99261 70936 46/// /0106 10193 20064 30294 40298 90240
 22200 00234 333 91208 555 11061 22065 8//07 90239=
41010 05031 99289 70785 46/// /2912 10238 20175 30161 40165 90240
 333 91215 555 11131 22139 8//13 90234=
42020 05031 99270 70967 46/// /1104 10193 20072 30291 40295 90240
 22200 00225 333 91205 555 11038 22040 8//04 90232=
J8PE3 05034 99220 70708 41697 60816 10251 20209 40204 52011 7//11
 86545 22274 00290 20602 308// 40703 80223=
