SIVD30 KWBC 050300
BBXX
41119 05031 99338 70785 46/// ///// 1//// 90250 22200 00130 10402
 20402 70011=
44042 05031 99380 70763 46/// /2905 10082 40045 90242 22200 00073
 333 91206 555 11059 22064=
51003 05031 99192 71606 46/// /0809 1//// 30188 40194 90240 22200
 00265 333 91211 555 11095 22101 8//09 90239=
51206 05031 99198 71550 46/// ///// 1//// 90246 22200 00264 10905
 20904 300// 41303 70026=
42040 05031 99292 70882 46/// /3409 10168 20045 30269 40273 90240
 22200 00210 333 91212 555 11095 22101 8//11 90234=
41046 05031 99238 70684 46/// /1204 10251 20189 30211 40217 90240
 22200 00260 333 91206 555 11046 22049 8//05 90236=
46059 05031 99381 71300 46/// /2608 1//// 30356 40360 90240 333
 91210 555 11092 22098 8//09 90239=
41040 05031 99146 70530 46/// /0608 10241 20216 30152 40156 90240
 333 91212 555 11090 22095 8//11 90231=
41047 05031 99275 70715 46/// /2307 1//// 30194 40198 90240 22200
 00237 333 91209 555 11077 22082 8//08 90232=
41048 05031 99318 70696 46/// /2012 1//// 30130 40134 90240 22200
 00220 333 91216 555 11134 22143 8//13 90234=
KRIH 05034 99463 70374 41/98 42824 10120 20101 49955 58006 70111
 8//// 22224 0//// 2//// 327// 40605 80110=
44064 05031 99370 70761 46/// /3409 10099 40035 90240 333 91211
 555 11099 22108=
46054 05031 99343 71205 46/// /3311 10137 20115 30260 40264 90240
 22200 00148 333 91214 555 11124 22132 8//13 90239=
44062 05031 99386 70764 46/// /2907 10080 40048 90236 333 91208
 555 11076 22083=
44072 05031 99372 70763 46/// /0607 10097 90240 333 91208 555
 11079 22085=
41004 05031 99325 70791 46/// ///18 1//// 30123 40127 90240 22200
 00198 333 91222 555 11195 22208 8//19 90235=
41009 05031 99285 70802 46/// /2713 10201 20139 30184 40190 90240
 22200 00243 333 91216 555 11143 22153 8//14 90231=
44095 05031 99358 70753 46/// ///// 1//// 90246 22200 00129 10803
 20502 315// 40802 70013=
46086 05031 99325 71181 46/// /3006 10146 20127 30248 40252 90240
 22200 00157 333 91207 555 11063 22067 8//07 90237=
46042 05031 99368 71224 46/// /3310 10124 20098 30291 40295 90240
 22200 00136 333 91213 555 11114 22122 8//12 90235=
46069 05031 99337 71202 46/// ///12 10132 20124 30263 40267 90240
 22200 00141 333 91215 555 11129 22138 8//13 90236=
46022 05031 99407 71245 46/// /3503 10113 20048 30320 40324 90240
 22200 00118 333 91205 555 11033 22034 8//04 90233=
42035 05031 99292 70944 46/// ///04 1//// 30294 40298 90240 333
 91205 555 11048 22051 8//05 90231=
42059 05031 99153 70675 46/// /0806 10275 20226 30170 40174 90240
 22200 00282 333 91208 555 11070 22074 8//07 90236=
46088 05031 99483 71232 46/// /1404 10074 20041 30257 40261 90240
 22200 00084 333 91205 555 11046 22048 8//05 90230=
41049 05031 99275 70629 46/// /1604 1//// 30233 40237 90240 333
 91206 555 11046 22049 8//05 90239=
42056 05031 99198 70849 46/// /3301 10278 20222 30210 40214 90240
 22200 00284 333 91202 555 11013 22014 8//02 90234=
42057 05031 99169 70814 46/// /0106 10272 20250 30192 40196 90240
 22200 00283 333 91207 555 11066 22071 8//07 90232=
42001 05031 99259 70897 46/// /0111 10204 20127 30269 40273 90240
 22200 00228 333 91214 555 11121 22129 8//12 90238=
41043 05031 99211 70648 46/// /0906 10257 20191 30203 90240 333
 91208 555 11064 22068 8//06 90237=
46085 05031 99559 71429 46/// /3305 10024 21005 49976 90240 22200
 00071 333 91208 555 11049 22052 8//07 90233=
51101 05031 99244 71621 46/// /0908 10242 20210 30238 40242 90240
 333 91209 555 11087 22093 8//09 90231=
51001 05031 99245 71620 46/// /1008 10242 20207 30234 40238 90240
 22200 00239 333 91210 555 11086 22092 8//08 90238=
