SXVX49 KWNB 050200 RRX
MMXX 51209 05010 0300/ 51416 17030
00011 10055 20298 30133 50095 988//
11164 0007/ 1600/ 15/// 12504 15003 01/// 21015 27503 48/// 31105
31004
22227 15411 10000 30000 50000 70324 95482 10027 37363 53536 71109
90910 10805 30504 50302 70202 90101 10101 30000 50000 70000 90000
10000 30000 50000 70000 90000 10000 30000 50000 70000 90000 10000
30000
4444 18605 13720 20005 23543 35853 32054 47155 40960 50809 56562
60811 60383 78715 74514 88386 86957 98686 97766 08689 06971
18887 12665 27389 21381 34642 35072 44143 45051 54043 55461
64143 67254 73841 74933 84048 83443 93549 93526 02829 05819
13112 14633 23349 23242 31906 33720 43142 43431 53251 54021
63944 65154 73133 75835 83236 86032 92635 94810 02730 04515
12124 15610 22123 25016 32427 36040 41919 46943 51309 56538
61401 64411 71205 75015 81214 85318 91512 96444 01210 05635
11313 14335 20818 23215 31317 35143 40807 45721 51218 56036
61318 66348 70810 75108 81116 86427 90814 95330 00507 06427
10710 16336 20911 26321 30717 35219 40607 46135 50202 56623
68777 65433 70185 75917 80412 86625 90200 96714 00301 06421
10405 17240 20613 26216 30507 36314 40102 46214=
